TPAR
20181010.100000 4.0 14.7 168.2 20.2
20181010.102000 4.2 14.7 169.3 20.7
20181010.104000 4.3 14.7 170.5 21.3
20181010.110000 4.4 14.7 171.6 21.9
20181010.112000 4.6 14.7 172.6 22.5
20181010.114000 4.7 14.7 173.7 23.2
20181010.120000 4.9 14.7 174.7 23.9
20181010.122000 5.0 14.7 175.6 24.7
20181010.124000 5.1 14.7 176.6 25.1
20181010.130000 5.3 14.7 177.5 25.5
20181010.132000 5.4 14.7 178.3 26.1
20181010.134000 5.5 14.7 178.9 26.9
20181010.140000 5.7 14.7 179.3 27.9
20181010.142000 5.8 14.7 179.4 29.1
20181010.144000 5.8 14.7 178.9 30.6
20181010.150000 5.9 12.9 177.5 32.5
20181010.152000 5.9 12.9 175.1 34.8
20181010.154000 5.9 12.9 171.9 37.6
20181010.160000 5.8 12.9 167.8 41.1
20181010.162000 5.7 12.9 162.4 45.0
20181010.164000 5.6 12.9 156.7 49.3
20181010.170000 5.4 12.9 151.4 53.1
20181010.172000 5.1 12.9 147.7 55.8
20181010.174000 4.8 12.9 145.9 57.3
20181010.180000 4.6 12.9 145.0 57.4
20181010.182000 4.4 12.9 192.6 56.6
20181010.184000 4.6 12.9 285.0 50.3
20181010.190000 4.6 6.8 288.3 44.0
20181010.192000 4.5 6.8 288.2 38.5
20181010.194000 4.4 6.8 286.9 33.9
20181010.200000 4.3 6.8 285.0 30.1
20181010.202000 4.1 6.8 283.2 26.9
20181010.204000 3.9 6.8 281.0 24.3
20181010.210000 3.7 6.8 278.7 22.1
20181010.212000 3.5 6.8 276.3 20.3
20181010.214000 3.3 6.8 274.2 18.8
20181010.220000 3.1 6.8 271.8 17.5
20181010.222000 3.0 6.8 269.6 16.4
20181010.224000 2.8 6.8 267.6 15.5
20181010.230000 2.7 6.8 265.4 14.7
20181010.232000 2.6 6.8 263.1 14.0
20181010.234000 2.5 6.0 261.1 13.4
20181011.000000 2.4 6.0 258.9 12.9
20181011.002000 2.3 6.0 256.7 12.4
20181011.004000 2.3 6.0 255.0 12.3
20181011.010000 2.2 6.0 253.6 12.2
20181011.012000 2.2 6.0 252.5 12.1
20181011.014000 2.2 6.0 251.6 12.0
20181011.020000 2.2 6.0 251.1 11.9
20181011.022000 2.2 6.0 251.1 11.9
20181011.024000 2.1 6.0 250.9 11.8
20181011.030000 2.1 6.0 251.3 11.8
20181011.032000 2.1 6.0 251.4 11.8
20181011.034000 2.1 6.0 251.8 11.8
20181011.040000 2.1 6.0 252.2 11.7
20181011.042000 2.0 6.0 252.8 11.7
20181011.044000 2.0 6.0 253.3 11.7
20181011.050000 2.0 6.0 254.0 11.7
20181011.052000 2.0 6.0 254.5 11.7
20181011.054000 2.0 6.0 255.2 11.7
20181011.060000 2.0 6.0 255.8 11.7
20181011.062000 2.0 6.0 256.7 11.7
20181011.064000 2.0 6.0 257.4 11.9
20181011.070000 2.0 6.0 258.4 12.1
20181011.072000 2.0 6.0 259.3 12.3
20181011.074000 2.0 6.0 260.3 12.4
20181011.080000 2.0 6.0 261.2 12.6
20181011.082000 2.0 6.0 262.2 12.7
20181011.084000 2.0 6.0 263.2 12.8
20181011.090000 2.0 6.0 264.2 12.9
20181011.092000 2.0 6.0 265.1 12.9
20181011.094000 2.0 6.0 266.1 13.0
20181011.100000 2.0 6.0 266.9 12.7
20181011.102000 2.0 6.0 267.9 12.4
20181011.104000 2.0 6.0 268.8 12.1
20181011.110000 1.9 6.0 270.1 11.8
