  -8.5500010e+01   2.9850010e+01
  -8.5550000e+01   2.9900010e+01
  -8.5600010e+01   2.9950010e+01
  -8.5800000e+01   3.0100010e+01
  -8.5650000e+01   3.0000010e+01
  -8.5950000e+01   3.0200010e+01
  -8.5628400e+01   2.9978610e+01
  -8.5686470e+01   3.0031350e+01
  -8.5486900e+01   2.9884980e+01
  -8.5525510e+01   2.9937900e+01
  -8.5560900e+01   2.9980200e+01
  -8.5593440e+01   3.0011910e+01
  -8.5618550e+01   3.0033300e+01
  -8.5659450e+01   3.0065400e+01
  -8.5766740e+01   3.0143300e+01
  -8.5644990e+01   3.0083560e+01
  -8.5621830e+01   3.0072650e+01
  -8.5567640e+01   3.0036110e+01
  -8.5551540e+01   3.0022010e+01
  -8.5743690e+01   3.0061850e+01
  -8.5716310e+01   3.0094750e+01
  -8.5710410e+01   3.0101680e+01
  -8.5651430e+01   3.0075120e+01
  -8.5605220e+01   3.0046460e+01
  -8.5576280e+01   3.0027710e+01
  -8.5543490e+01   2.9994180e+01
  -8.5509870e+01   2.9962410e+01
  -8.5426000e+01   2.9947170e+01
  -8.5446290e+01   2.9909650e+01
  -8.5531710e+01   3.0003150e+01
  -8.5732080e+01   3.0119530e+01
  -8.5747220e+01   3.0108100e+01
  -8.5771430e+01   3.0086070e+01
  -8.5928240e+01   3.0235370e+01
  -8.5580260e+01   3.0048390e+01
  -8.5632710e+01   3.0077790e+01
  -8.5581020e+01   2.9964052e+01
  -8.5607355e+01   2.9997825e+01
  -8.5630714e+01   3.0020312e+01
  -8.5673226e+01   3.0046879e+01
  -8.5731091e+01   3.0074599e+01
