  -8.5643402e+01   3.0086146e+01   0.0000000e+00
  -8.5653492e+01   3.0072765e+01   0.0000000e+00
  -8.5663582e+01   3.0059384e+01   0.0000000e+00
  -8.5673672e+01   3.0046004e+01   0.0000000e+00
  -8.5606024e+01   3.0060982e+01   0.0000000e+00
  -8.5615322e+01   3.0048155e+01   0.0000000e+00
  -8.5624621e+01   3.0035327e+01   0.0000000e+00
  -8.5632718e+01   3.0021331e+01   0.0000000e+00
  -8.5567802e+01   3.0036588e+01   0.0000000e+00
  -8.5577435e+01   3.0024706e+01   0.0000000e+00
  -8.5586073e+01   3.0011797e+01   0.0000000e+00
  -8.5594850e+01   2.9996591e+01   0.0000000e+00
  -8.5532896e+01   3.0007975e+01   0.0000000e+00
  -8.5541284e+01   2.9995827e+01   0.0000000e+00
  -8.5549672e+01   2.9983678e+01   0.0000000e+00
  -8.5558976e+01   2.9969789e+01   0.0000000e+00
  -8.5497155e+01   2.9978397e+01   0.0000000e+00
  -8.5506515e+01   2.9965016e+01   0.0000000e+00
  -8.5515876e+01   2.9951635e+01   0.0000000e+00
  -8.5525237e+01   2.9938255e+01   0.0000000e+00
