  -8.5644131e+01   3.0084561e+01   0.0000000e+00
  -8.5650696e+01   3.0075054e+01   0.0000000e+00
  -8.5659084e+01   3.0066075e+01   0.0000000e+00
  -8.5673298e+01   3.0048454e+01   0.0000000e+00
  -8.5567917e+01   3.0037403e+01   0.0000000e+00
  -8.5576172e+01   3.0026353e+01   0.0000000e+00
  -8.5584428e+01   3.0021617e+01   0.0000000e+00
  -8.5593072e+01   3.0011672e+01   0.0000000e+00
  -8.5531009e+01   3.0005041e+01   0.0000000e+00
  -8.5537808e+01   3.0000306e+01   0.0000000e+00
  -8.5546063e+01   2.9990834e+01   0.0000000e+00
  -8.5560613e+01   2.9980509e+01   0.0000000e+00
  -8.5497155e+01   2.9978397e+01   0.0000000e+00
  -8.5502990e+01   2.9971002e+01   0.0000000e+00
  -8.5510284e+01   2.9962023e+01   0.0000000e+00
  -8.5525237e+01   2.9938255e+01   0.0000000e+00
